$stereo
[1] FALSE

$left
    [1]    -94      6     28      5     14    -87     91      4     -6    -33
   [11]    -35     88    -31    -35    -17     -9     46    -13    104     68
   [21]   -127     12    -54     35     23     48     67   -119    -41    -77
   [31]    203    248   -139    -14     74   -142   -153    -10   -125   -128
   [41]    -20   -273     27     22     86     75   -200     77    -80   -127
   [51]     49     70    182   -189   -253    175    -95    213    -73    -33
   [61]    238   -178    166   -158    -56    260   -454    242     -1   -379
   [71]    647    -53    171   -154   -140    328   -488    236    320   -198
   [81]     27     10   -253   -198    -28     59     21     46    166   -226
   [91]    -85    175     96    393    -58    200    100   -116    201   -373
  [101]    314    -63   -128    430   -179    -54    384    -77   -415    289
  [111]   -280    -49    -68   -322    256   -273   -233    235   -166   -349
  [121]    277   -217   -173   -397   -297    271    149     69   -307    122
  [131]   -231   -309    120     89    108    246   -320   -251    294   -207
  [141]     63   -112    299   -162   -337     80   -163   -299   -440    383
  [151]   -329    -59    -25   -284    -98   -399    128     -4      8    278
  [161]   -148   -418    181   -121   -256    106     24    -38    -96    151
  [171]   -472    123    567   -320      6    116    108    188   -216   -190
  [181]    100   -120    147     -7    -79    206   -101     58   -242     68
  [191]    -19      4     94   -571    270     85    183    -70   -161    317
  [201]   -192    114    -32     16    121   -265   -150    653   -110   -377
  [211]    184    -44    400   -179     59    235    -10    402   -135      2
  [221]    114   -179     80     10    145    -57   -492   -352   -235    125
  [231]     66    -89    210   -276   -226   -207   -301    533   -498    -97
  [241]    320   -388     98   -524    209    203     90    -95   -377    421
  [251]    -66     -6     74    -98   -140    229     67   -349   -135   -114
  [261]    -19     40      2   -219   -109   -437   -212    104   -356   -114
  [271]   -118   -153    238    114   -301    -92    218    -26   -239    115
  [281]     82     57    178      8    -96     44    161     40     -2    275
  [291]    278    125    460    296   -147    134    146   -271     29    123
  [301]   -117    263     23   -275    276    -52    147     68    -43    305
  [311]   -167   -265     10    293   -229    -74    234   -162    115   -125
  [321]     34    131   -345     40    -66     42    273   -313    454    147
  [331]   -723    225     -3     70   -403   -362    276   -153    -13   -148
  [341]    -68   -396    -30    221   -514   -121   -320   -121    110   -275
  [351]    195   -637    -38    213   -293    185   -760     24    367   -417
  [361]    104    -97   -446     40    -18   -166   -166   -163    243     48
  [371]   -195   -103   -199    -34    467    -64   -190     72   -362   -146
  [381]   -186   -160   -218    -75     13    -76    177   -212   -321   -156
  [391]    177    170   -205   -118   -280    -96    -26     92     30   -186
  [401]    203   -166   -204   -137   -198     67     40   -224   -218     11
  [411]    153     49    -94    193     87    -17     40    -87   -223    111
  [421]   -126   -171     56   -112     11    -74    297    103   -356     25
  [431]    419      9   -174     95   -135    205      1    -99    122   -174
  [441]   -310    191    224   -307    452     92   -134     37   -188    388
  [451]     61     60   -119     43    198     -1    391   -104     70    217
  [461]   -204   -240    388   -224   -340    378   -124    133     18   -274
  [471]     74    106    -85    -32   -273    220    -52   -159    195   -234
  [481]     90     55   -238   -206    112     48   -103    -87    -86    159
  [491]   -105   -195    372      4     93    333    -22     51    188     23
  [501]   -182    293    -35     20    201   -316     25     24   -319   -150
  [511]   -183   -251     -9    146     84    -17     56   -344     -7    229
  [521]   -164    -10   -390     -4    486   -195     63     99   -304    -92
  [531]     -3    319    143    -91    125    247   -123   -143    419    152
  [541]    111   -121   -101     61   -184    117   -202    -26    -60   -361
  [551]    288   -384    338    343   -822    501     24     84      8   -449
  [561]    331      1   -449   -171     74   -405     58   -374    -80     26
  [571]   -421    289   -107   -196   -110   -142    269    -27   -220    538
  [581]   -189    165     85   -562    116   -128    -37   -177   -515    -61
  [591]    145   -204   -264   -224    256   -332   -201    124   -244     -9
  [601]   -358    148    -52   -259    -47   -297    229   -296   -273    160
  [611]   -331    182   -243   -129     -7   -500    416     73   -143     92
  [621]     40    106     95     70     91      8   -292    324   -379   -199
  [631]    102   -393    522   -288   -185    -29   -228    245   -217     84
  [641]     10    -74    175   -371    -57    307    102   -294    -15   -266
  [651]   -194    196   -369    256     60    204   -190   -399    375     39
  [661]     48    139   -194    411    -57   -207    620   -470   -306     -9
  [671]     84    -21   -277   -176    103   -182   -281   -112   -380     24
  [681]   -233    -66   -280   -207    -42   -293    115   -147   -118   -252
  [691]   -427      5   -151   -303   -371   -188    -36   -571     19     19
  [701]   -695     95   -242   -244    555   -347    116    394   -463    213
  [711]   -176     45    478   -160   -340      7    -58   -176   -130   -285
  [721]    250    -24    -86    -85   -345     67    146   -102    -11     11
  [731]    -50     46    248     71   -206    287   -178    -16    450    -81
  [741]    314     76    132    202    -98    707    345    100    344    180
  [751]    748    121    179    723      2    548    646    104    451    169
  [761]    101    264   -191    563    125    203    712   -141    196    384
  [771]    285    248    625    180    215    535    -63    418     80    216
  [781]    751   -210      7    278     45    337    -28    278    481     60
  [791]    224    375    312    289    511     30    238    658      4    121
  [801]    458    315    380    -25     56    183   -152    188     -3    217
  [811]    -87   -140    631   -425    349    139   -668    777   -417     38
  [821]    322   -408    323   -450    353     16   -494    662   -382    126
  [831]    142   -536    167   -177    352    344   -251    239    -64    228
  [841]    519   -134    225    116    155    105   -244    365    -35     -4
  [851]    256   -406    234    -37   -475    226     46   -151   -237    -28
  [861]    134   -205    225    244   -210   -235   -299     35   -168   -254
  [871]     49    -67    -50     84    103   -488    142    512   -182    464
  [881]   -175     88    142    253    765   -423    310     12    128    388
  [891]   -283    505   -324    173    323   -504    382     30    187    121
  [901]     52     95   -140    193    -31    126    377     40      3    575
  [911]   -188   -118    604   -452    615   -181   -413    489   -218    274
  [921]   -208    542    126    262    300   -105    746     -7    444    265
  [931]    -49    540    484     48    197    456   -189    710    276   -135
  [941]    527    152    588    -15     64   -105    527    430  -2010   -524
  [951]    522    261      8   -385    601     49   -699    103    441   -546
  [961]    155    635    270    253    121    433    -36     92    250    762
  [971]    144    143    672    360    428    112   1140     61   -204    703
  [981]   -290    741    786    -69    406   -221    475    634   -471    735
  [991]    475    -12    231   -356    740    362     94    263   -259    248
 [1001]    207    -31   -202    556    -84     34    305   -351    583    133
 [1011]   -211    368    492   -115     60    372    230    266    237    269
 [1021]    422    545   -468    514    230    105    725   -399    845    209
 [1031]     33    496    -55    555    -54    207    467    279     31    -56
 [1041]    638   -278   -112    392   -334   -391    421   -455   -193   -237
 [1051]   -801    803   -823   -826    377   -198   -380    204    229     48
 [1061]   -853     52    632  -1309    684   -280   -177    516  -1201    407
 [1071]   -446   -304    421   -835    186    186  -1278    754    -55   -893
 [1081]    602  -1144    -85    204   -279   -158   -637   -247   -470   -201
 [1091]   -262   -491    -38   -636   -747    156   -721   -848   -431   -732
 [1101]   -554   -723    -39   -460   -840   -424    -75    -15  -1026    -32
 [1111]   -612   -332    121  -1415     88   -328   -696   -374   -258    -72
 [1121]  -1053    102   -843   -377    101   -822   -196   -762   -505   -445
 [1131]   -431   -697   -819    -59   -516   -549    -43   -817   -449   -521
 [1141]  -1187   -260   -649   -427   -657   -625   -787   -943  -1062  -1115
 [1151]    575  -1398  -1242    714    -72  -1289   -187   -264   -958   -565
 [1161]    108   -301  -1909     23    515  -1192   -567   -338   -361   -696
 [1171]  -1137    274   -275   -597   -471   -387    152  -1023  -1174     12
 [1181]   -106   -339   -786   -565   -171  -1360    489   -883  -1269    573
 [1191]  -1555    -91   -368   -419   -512   -818   -590   -178     62  -1394
 [1201]    275   -535   -121     64  -1200    466    -35   -406   -315   -544
 [1211]    323     30  -1034   -104    545   -313    -85   -374    148    485
 [1221]   -905    815    284    199    955  -1063    405    824   -432    929
 [1231]     69    -96    651   -955   1244    153   -421    828   -883    133
 [1241]    745   -662    -12    100    -34    289  -1662    702    325   -775
 [1251]    144   -561    967   -398   -191    437   -302    212   -597    114
 [1261]   -351     75    902   -813    -33   -104     86    146   -590    992
 [1271]    402   -170    273    224    414   -349   -483   1624    267   -508
 [1281]    311   -122    275   -313    478    -59   -438    238   -169     46
 [1291]    -10   -256   -105   -300   -563    458    -43   -384    149    121
 [1301]    -70   -227    215   -493     94   -646    573     -8   -971    375
 [1311]   -933    767    192     23   -294   -780   1316    343    -98    569
 [1321]   -143    520    629   -281    175    408    105   -529    608    113
 [1331]   -241   -408   -549    469   -318   -910    318    -38   -730    842
 [1341]   -975   -360    686   -608     90   -339   -700    258    362   -118
 [1351]    285   -154    377   -456    -82    720  -1038    880   -197   -267
 [1361]    941  -1473     97    343    155    730   -648    472    334    617
 [1371]    539   -797    967    810  -1058    768    937   -859    594    564
 [1381]    -94    510     56   -213    141   -180    343     21   -663   1053
 [1391]   -762   -117    318   -609    746   -971   1256    629   -912    477
 [1401]   -592    499   -136   -474   -104   -422   -107   -711     78   -658
 [1411]   -217   -680  -1411    694   -652   -654   -185   -170   -223   -729
 [1421]    -92   -995     79    609   -340   -840   -324    116   -336    175
 [1431]   -868    -92   -165  -1265    591   -503   -668     80   -137   -270
 [1441]  -1025    204    -18   -253     27   -583    575    543   -558    363
 [1451]   -457   -760    733    132   -707     78   -270    157   -102  -1797
 [1461]   -151   -628   -296   -443   -863    154   -672   -373  -1246    927
 [1471]  -1018  -2007    216   -802    299  -1704   -465    101   -703    324
 [1481]   -888  -1528   -268   1117  -1117   -329   1038  -1011    147     89
 [1491]   -207   1518    230   -647     12    789    707   -606    937   1264
 [1501]   -853    565   -260   -153    876   -105    697    173   -515     39
 [1511]   -535    164    255   -384   -236   -772   1548   -901  -1389   1335
 [1521]   -561    864  -1065   -729    696  -3005  -1092  -1519  -1019    450
 [1531]  -1927   -778   -421  -1880  -1212   -348  -2156   -754   -400  -1719
 [1541]    296  -1894     82    674  -1556    634   -950    321   -208   -115
 [1551]   1050  -1333    203    227   -146    207   -637     24    279    247
 [1561]   -601     95    442   -620      0   -761    531    140   -370    397
 [1571]     66    320  -1122   -217    324   -561   -231   -888   -456    347
 [1581]   -515   -152  -1371   -742     43   -673     40   -721   -461   -461
 [1591]   -814    230    103   -798    315   -588    -87    278   -645    857
 [1601]     44    487    199   -660    364   -365    695    246   -295    976
 [1611]     33   -149    792    683    110    438    478   1000    599    695
 [1621]   1019    396    462    407   1126    551    758    948   -109    951
 [1631]    432    566    261    123    959    294    882     25    227    701
 [1641]    511    759    330    -38   -286    552   1200    199    159   1128
 [1651]    101    320   1138    146    390    207    225     87   -152   1342
 [1661]   -502    523   1434   -198     94    -63   1153    743    660    780
 [1671]    130    986    796   1066    900     74    995   1117   1004    715
 [1681]    838    830   1014    945    175    953    352    667   1077   -112
 [1691]   1437    925   -163    780    181    764    159    133   1551    315
 [1701]    442    -41    126   1069      6    112    442    347   -378    464
 [1711]    424   -239    261    -13    465    333   -431   1036   -126    -58
 [1721]   1160   -682    -33    151    610    579    188    899    -86    463
 [1731]   2012   -642    443   1163    -91   1286    302   1355    -54    735
 [1741]    946   -106   1343   -290    492   1013    394    449    288    126
 [1751]    302    -29    607    761   -870    384    626   -288    116   -127
 [1761]    381    209    -59   -348    104    174   -364    250   -880    333
 [1771]   -183   -702   1090   -636    -16    411   -276    670    191   -583
 [1781]   -192    356    484    205     15    433    240    336    361   -334
 [1791]   -214    586   1173     63    442    842   -398    356    290    631
 [1801]   1081   -434   -636   1041    734   -343    746    596    486     28
 [1811]   -484    961     30     85    589   -107    764    554    247   -462
 [1821]   -177   1126    340    -50    -41   -403    591    122   -293    661
 [1831]    269    349   -530     97    725   -683    413    178    440    343
 [1841]   -368    477   -256    621    519   -639    265    517   -589    501
 [1851]    641    365    927   -642    128    -25    189   1072   -848    449
 [1861]    631   -367    396   -786    191    360    -41     45   -371     17
 [1871]   -532    330    185   -426    321   -219   -363    149    317   -292
 [1881]   -491    193   -126    -34   -809   -622    403   -275     44     55
 [1891]   -495   -242   -292    -76   -112   -340     -7   -170   -371    598
 [1901]    132    297     68  -1506   1250    394  -1468    340     77    146
 [1911]    130  -1442    183     73   -322   1068   -668    -51   -388   -587
 [1921]    664    204    724     97  -1258    -71    665   -360   -610   -244
 [1931]    479    622    266   -903   -835    493     21    -85    189   -388
 [1941]   -501    191    -53   -190   -319   -830   -664      0    755   -345
 [1951]  -1004    101      4   -399   -119   -556   -889   -380    -11    328
 [1961]   -373   -810   -108    -77   -553  -1110   -293   -377   -330    382
 [1971]   -220   -161   -460   -690    132   -290   -430   -450   -729    632
 [1981]   -250   -834    272   -231     50  -1015  -1363    693   -120   -291
 [1991]     46   -363    147    -99   -158   -199     62    -86   -942   -429
 [2001]    543    329   -973   -540     14   -415   -716  -1002     34     53
 [2011]   -108   -118   -508   -158    272   -375   -360    566    -17    -45
 [2021]   -227   -288    359   -101   -302   -440    191    467   -686    -65
 [2031]    226     62    -61   -134   -200   -769    -38   -214    -98     67
 [2041]   -150   -120   -585   -245    -45   -394   -754   -406   -266   -169
 [2051]   -254   -489     -5   -207   -424   -735   -601   -579   -219   -128
 [2061]   -431     13   -798   -293   -559  -1347   -442   -526   -560   -417
 [2071]   -683   -604   -370   -873  -1117   -285   -562   -511   -232   -900
 [2081]   -443   -370   -793   -290   -674  -1024   -297   -527   -495   -241
 [2091]   -846   -725    -45   -612   -503   -113   -503   -275    -64   -447
 [2101]   -176   -547   -929    556    -33   -575   -389   -558   -151   -278
 [2111]   -159   -406   -341   -377   -192      0   -363   -147   -769   -164
 [2121]    103   -370    -35   -753   -449   -202    -33    -71   -802   -363
 [2131]    -35   -124   -307   -283   -361   -667   -232   -140   -293   -647
 [2141]   -919   -570   -637   -214   -194   -655   -625   -363    -37   -360
 [2151]   -746   -901   -732   -118   -640   -685   -384   -253   -211   -813
 [2161]   -583   -712   -442   -570   -373     55   -434   -239   -579   -290
 [2171]   -206   -489   -198    -67    375    128    206   -229   -550    176
 [2181]   -129    349    499    340    398    -88    590    495    356    286
 [2191]   -186    329    540    424     -6    280    759    876    652    119
 [2201]    -80    -59    533    845    899    713    287    335    413    351
 [2211]    420    476    612    876    798    118   -137    280    274    432
 [2221]    631    389    254     35    181    237    149     73    214    441
 [2231]     65     29   -194     50    237    176    252     12    350    209
 [2241]     42    213    479    391    221    192   -178     36    128    296
 [2251]    355    338    269    -24   -245   -254    325    323    299    226
 [2261]    170    237     22     40    217    407    402    355    413    146
 [2271]    205    443    228    281     65    121    380    245    381    507
 [2281]    488    219    264    171    171    761    526    665    835    563
 [2291]    801    732    416    964   1298    547    836    922    893   1027
 [2301]    669   1092    935    833    800    757    718    652    690    311
 [2311]    598    493    230    349    318    267     34   -139    -75    272
 [2321]    433    176    -11    -17    169    346    206    237    443    607
 [2331]    537    681   1025   1005    790    718   1210   1103    940    824
 [2341]    634   1069   1288   1320    964    956   1054   1060    759    551
 [2351]    850    716    655    332    262    -64   -520   -266      6    310
 [2361]   -254   -758   -751   -561   -384   -479   -552   -346     38    -94
 [2371]    -12   -244     -5    137    175    377    356    784    795   1121
 [2381]   1073   1191    970    964   1491   1521   1839   1184   1189   1438
 [2391]   1645   1960   1614   1288   1042   1391   1204    892    215     51
 [2401]    839    820    320   -651  -1206   -759   -507   -564   -674   -888
 [2411]   -870   -949  -1356  -1252  -1047   -982   -775   -639   -592   -796
 [2421]  -1142  -1005   -300    226    450    239    205    279    448    363
 [2431]    314    964   1151   1079    534    493    994    996    735    483
 [2441]    751    866    734    176   -179   -268   -547   -495   -818  -1042
 [2451]  -1221  -1392  -1297  -1477  -1652  -1585  -1751  -1846  -1768  -1867
 [2461]  -1828  -1717  -1167  -1102  -1369  -1581  -1434   -527   -448   -511
 [2471]   -357   -167    364    659    612    577    762    810   1308   1347
 [2481]   1078   1327   1536   1861   1973   1490   1042   1293   1281   1658
 [2491]   1430    666    497    115    355    103   -329   -390   -257   -308
 [2501]   -893   -854  -1062  -1121  -1236  -1199   -888  -1261  -1624  -1568
 [2511]  -1142  -1085   -740   -692   -918   -810   -808   -516   -546   -536
 [2521]    -59     83    -29   -224    -87   -107   -221    355    595    759
 [2531]   -193   -733   -546   -388    -65   -642   -847  -1402  -1711  -1639
 [2541]  -1860  -2003  -2379  -2373  -2368  -2839  -3296  -3446  -3176  -3012
 [2551]  -2624  -2713  -2985  -3536  -3484  -2445  -2106  -1950  -2303  -1979
 [2561]  -1714  -1673  -1046  -1175   -556   -188    388    666   -225    298
 [2571]    944   1930   1879   1487   1745   1529   2022   1992   2274   1992
 [2581]   1889   2384   2070   1730    738   1128   1625   1613   1126     32
 [2591]    -65   -168    162    252   -137   -387   -848   -790   -720   -800
 [2601]   -696   -589   -520  -1017   -963  -1209  -1008   -719   -862      2
 [2611]   -432   -994  -1101  -1028   -363   -162   -100    -44   -418   -916
 [2621]   -907   -883   -547   -272   -163   -508  -1485  -2109  -1876  -1379
 [2631]  -1444  -1352  -1856  -2311  -2925  -3463  -2974  -2928  -2729  -2604
 [2641]  -2850  -3048  -3584  -3659  -3343  -2864  -2394  -2083  -2232  -2646
 [2651]  -2392  -1947  -1220   -919   -887   -309   -125    -14    234    803
 [2661]   1097   1491   1706   1967   2505   2064   3002   3106   3466   3620
 [2671]   2962   3663   3436   4046   4238   3873   3649   3236   3503   3324
 [2681]   3231   2951   3111   3160   2668   2377   1586   1652   1660   1784
 [2691]   2159   1607   1488   1239    824    442    218    565   1142   1348
 [2701]    442    282   -123   -286    148   -345    -81   -295   -236   -184
 [2711]  -1096  -1245  -1564  -1066   -849  -1394  -1672  -2514  -2501  -2310
 [2721]  -2181  -2524  -3009  -3296  -3711  -3510  -3987  -3893  -3897  -4093
 [2731]  -4018  -4462  -4645  -4897  -4743  -4458  -3671  -3723  -4138  -4105
 [2741]  -4094  -3145  -3235  -2786  -2239  -2049  -1310  -1492   -884   -616
 [2751]   -170    623   1112   1864   2157   2797   3011   3025   3744   4340
 [2761]   4932   5401   5701   6603   6944   6658   6523   6808   7505   8014
 [2771]   8152   8011   7872   7803   7932   8053   7694   7482   7825   7851
 [2781]   7778   7115   6842   6942   6678   7050   6611   5679   4988   5185
 [2791]   5768   5626   4592   3324   2676   2324   2321   1915   1171    544
 [2801]    120   -627  -1775  -3177  -3865  -3837  -3883  -4273  -5565  -6991
 [2811]  -7824  -8191  -8447  -8857  -9640 -10160 -10505 -10844 -11429 -12058
 [2821] -12417 -12544 -12310 -12352 -12514 -12794 -12815 -12393 -11926 -11643
 [2831] -11749 -11366 -10712 -10077  -9325  -9098  -8617  -7941  -6998  -6045
 [2841]  -5519  -4260  -3077  -1661   -136   1363   3488   4950   6384   7940
 [2851]  10111  13470  15903  18926  20955  20625  18928  15568  16634  22617
 [2861]  29623  32767  29474  22240  16929  16648  20531  24192  24802  23545
 [2871]  20497  16551  12299   8883   8671  10595  12183  11619   7603   2029
 [2881]  -1692  -2788  -2713  -3220  -4692  -6681  -8939 -11122 -12400 -13469
 [2891] -15214 -16682 -17520 -17443 -17185 -17730 -17980 -18636 -19928 -20493
 [2901] -20360 -18708 -16836 -15908 -15716 -16125 -16603 -16546 -15661 -14227
 [2911] -12034 -10482  -9933 -11016 -12174 -11051  -9097  -7156  -6647  -6710
 [2921]  -5841  -5442  -5221  -5205  -4988  -4215  -3660  -3137  -3469  -4008
 [2931]  -4171  -3661  -3134  -3387  -3828  -4057  -3555  -2768  -1187    217
 [2941]   1390   1728   2352   4272   6209   9357  11662  14166  12741   8645
 [2951]   6913   9265  18295  24716  25472  20574  13894  11951  14520  19527
 [2961]  22728  23726  22781  20401  16787  12241  11336  13517  16716  18210
 [2971]  15659  11643   6668   4515   5087   5614   5045   2903   1144   -870
 [2981]  -2392  -3930  -5066  -6371  -8090  -8646 -10213 -11736 -12350 -11509
 [2991] -10727 -13082 -16644 -18778 -17581 -15012 -13397 -13245 -14633 -15675
 [3001] -16884 -17063 -15852 -14225 -11420 -10115 -10418 -12148 -14417 -14366
 [3011] -12641  -9513  -7028  -6939  -8406  -9913  -9796  -8466  -7368  -6964
 [3021]  -6039  -4978  -4639  -5200  -6410  -6424  -5651  -4254  -3312  -3469
 [3031]  -3428  -3187  -1556   -132    846    696   1065   4251   7328  11131
 [3041]  12416  13281  14379  11747   9836   9735  15118  24349  28764  26471
 [3051]  19054  13634  15075  20217  24189  25021  24696  24014  22451  18044
 [3061]  13443  12799  15619  19908  20312  16146  10394   6324   6242   6892
 [3071]   5784   3585   1975   1347    415  -1949  -4922  -7257  -8541  -8471
 [3081]  -8702 -10344 -12478 -13235 -12393 -12646 -15178 -18686 -19923 -17586
 [3091] -14739 -13756 -15367 -17833 -18584 -17890 -16654 -15739 -14787 -13322
 [3101] -11964 -11955 -13331 -14546 -14456 -12492 -10091  -8356  -8256  -9671
 [3111] -10022  -9190  -8267  -8425  -8739  -7238  -5153  -4306  -5360  -6790
 [3121]  -7446  -6382  -4833  -3798  -3406  -3556  -2936  -1840  -1336   -788
 [3131]    -17   1775   4855   6778   9490  10213  12456  14266  11937  10278
 [3141]   8749  14720  23885  28330  25687  17718  13573  15684  21582  25252
 [3151]  25026  24036  23107  22681  19578  15402  13994  16171  20671  21001
 [3161]  17198  11587   7743   7682   8123   7336   5034   3232   2527   1766
 [3171]   -581  -3932  -6253  -7376  -7023  -7291  -8697 -10554 -12794 -13403
 [3181] -13734 -14551 -16005 -17724 -17780 -16521 -15165 -15662 -17763 -19170
 [3191] -18851 -17088 -15955 -15849 -15862 -15368 -14133 -14017 -14585 -14997
 [3201] -14080 -11736 -10292 -10084 -10892 -11241 -10430  -9169  -8165  -8116
 [3211]  -8008  -7213  -6382  -5719  -5776  -6209  -6062  -5017  -3757  -3333
 [3221]  -3422  -3282  -2527  -1199    180   1277   2001   3168   5506   7510
 [3231]  10112  11994  14496  15021  11918   9518  10533  18336  26098  28432
 [3241]  23690  16536  13951  17353  23043  26080  25563  24082  23010  21041
 [3251]  17814  14803  15497  18694  21177  19808  15287  10158   7489   7896
 [3261]   8398   7364   4966   3151   2325    917  -1529  -4285  -6310  -7154
 [3271]  -7286  -7361  -8316 -10679 -13284 -14071 -14042 -14362 -16105 -17713
 [3281] -17400 -15905 -15195 -16542 -18840 -19835 -18477 -16534 -15638 -16515
 [3291] -16715 -15463 -14446 -14506 -15374 -15228 -13483 -11602 -10513 -10718
 [3301] -11457 -11411 -10286  -8786  -8113  -8133  -7856  -6921  -6044  -5665
 [3311]  -5902  -5743  -4955  -4265  -3255  -2977  -3235  -2651  -1637    -77
 [3321]    784   1652   2592   4160   6325   8019  10577  12495  15331  14928
 [3331]  11607   9702  10877  19420  27272  28814  23054  15032  13188  17727
 [3341]  24183  26837  25692  23446  22053  20502  17600  15062  15347  18708
 [3351]  21838  20326  14945   9156   6605   7660   8867   8065   5442   3077
 [3361]   1936    733  -1672  -4389  -6599  -7211  -6729  -6898  -8185 -10632
 [3371] -13427 -14541 -14530 -14736 -15493 -16786 -16864 -15866 -15911 -17352
 [3381] -19484 -20057 -18065 -16066 -15321 -16388 -17166 -16676 -15920 -15455
 [3391] -15225 -14066 -12623 -11809 -11992 -12478 -12298 -11388 -10004  -8807
 [3401]  -8124  -8129  -8514  -8170  -7171  -6021  -5440  -5218  -5063  -4588
 [3411]  -3921  -3660  -3387  -3005  -1822   -348    529   1642   2541   3634
 [3421]   5264   6775   9119  11760  15023  16068  12892   9391   9710  16403
 [3431]  25285  28762  24480  17079  13366  17010  23142  26027  25352  23395
 [3441]  22678  21803  18976  15913  15354  18108  21470  21011  16358  10852
 [3451]   7939   8543   9828   8719   5931   3422   2505   1999    -11  -2875
 [3461]  -5670  -6861  -6395  -6177  -7469  -9928 -12212 -13354 -14205 -15441
 [3471] -16022 -15998 -15595 -15497 -16763 -18417 -19969 -19969 -18104 -16606
 [3481] -16227 -16740 -17384 -17243 -16742 -16924 -16595 -15007 -12729 -11192
 [3491] -12062 -13999 -14484 -13036 -10198  -8342  -8409  -8914  -9225  -8689
 [3501]  -8060  -7383  -6443  -5211  -4236  -4077  -4230  -4771  -4317  -3097
 [3511]  -1493    160    776   1365   2394   3725   5587   7035   9245  12220
 [3521]  15287  15914  12516   9470  10540  17844  26102  28626  23855  16879
 [3531]  14007  17770  23721  26607  26339  24306  22764  20979  18315  16469
 [3541]  17087  19770  21882  20133  15759  11114   8880   9247   9702   8761
 [3551]   6422   4379   2967   1704   -348  -2969  -5131  -6115  -6109  -6230
 [3561]  -7406  -9281 -11869 -13995 -15083 -15284 -14888 -15043 -15698 -16402
 [3571] -17222 -18364 -19285 -19562 -18485 -16951 -16039 -16286 -17429 -17926
 [3581] -17499 -17290 -16038 -14042 -12220 -11670 -13434 -14691 -14202 -11968
 [3591]  -9615  -8645  -8846  -9024  -9069  -8978  -8460  -7601  -5838  -4380
 [3601]  -4151  -4850  -5486  -4896  -3709  -2616  -1615   -824    -65    634
 [3611]   2276   3150   4697   6255   7904  11294  13166  15830  14342  10958
 [3621]  10198  13356  22063  27616  26631  20456  14967  15424  20913  26015
 [3631]  27089  25149  22938  21923  20762  18181  17072  18050  20707  22091
 [3641]  19055  14511   9990   8760   9739  10166   8542   5812   3731   2697
 [3651]   1518  -1214  -3798  -5697  -6025  -5344  -6227  -8562 -11006 -12969
 [3661] -13420 -13997 -14974 -15842 -16272 -15941 -15828 -17187 -18993 -20074
 [3671] -19685 -17776 -16950 -16837 -17723 -18019 -17422 -16763 -16079 -15833
 [3681] -15049 -13742 -12521 -12140 -12549 -12824 -11962 -10467  -9050  -8524
 [3691]  -8435  -8230  -7562  -6774  -6404  -6187  -5677  -4448  -3387  -2928
 [3701]  -3274  -3540  -2843  -1560   -338    826   1468   2267   3695   4748
 [3711]   5938   7393   9975  13127  16225  15857  11819   9092  10820  19293
 [3721]  27328  28442  22686  14743  13042  18341  25061  27841  25903  22843
 [3731]  21468  20500  18387  16785  17214  20470  22641  20401  15159   9793
 [3741]   8314  10081  11263   9663   6294   3483   2835   2235    -23  -2717
 [3751]  -5279  -5667  -4980  -5587  -7304 -10703 -13026 -12820 -12847 -13624
 [3761] -15644 -16916 -16215 -15365 -15901 -18169 -20445 -20371 -17964 -16335
 [3771] -16561 -18398 -18990 -17571 -16406 -16028 -16560 -16097 -14274 -12740
 [3781] -12173 -13001 -13577 -12822 -10859  -9061  -8694  -9016  -9204  -8030
 [3791]  -6758  -6205  -6214  -6021  -4764  -3471  -2628  -3175  -3882  -3092
 [3801]  -1111    864   1446   1294   2114   4285   6011   6826   7992  10331
 [3811]  14399  17378  15368  10877   8144  12830  22981  29446  27549  19392
 [3821]  13085  14296  21408  26639  27449  24490  22069  21686  20228  17959
 [3831]  16336  17711  21298  22447  18902  13412   9020   8721  10344  10402
 [3841]   8370   5048   3296   2974   1699  -1083  -4312  -6223  -5651  -4927
 [3851]  -5485  -7788 -11428 -13795 -14081 -13612 -13703 -15142 -16177 -16050
 [3861] -16201 -16972 -18851 -20115 -19323 -17029 -15567 -16133 -18205 -19483
 [3871] -18388 -16483 -14930 -14498 -14617 -14260 -13783 -13484 -13070 -12426
 [3881] -11077  -9718  -9164  -9265  -9832  -9462  -7756  -5997  -5219  -5697
 [3891]  -6180  -5527  -4391  -3158  -2621  -2956  -2612  -1632   -180   1126
 [3901]   1522   2764   4073   5540   7211   8824  11372  14570  16098  13184
 [3911]   9693   9541  16137  25167  28577  24724  16615  12511  16189  23351
 [3921]  27674  26724  23254  21571  20713  19191  17412  17141  19464  22015
 [3931]  21461  17123  11743   8657   9594  11127  10456   7404   4243   3361
 [3941]   2944   1203  -1880  -4860  -6169  -5415  -4657  -6068  -9027 -11898
 [3951] -12907 -13227 -14232 -15241 -15916 -15263 -14859 -15779 -18035 -20397
 [3961] -20571 -18675 -16264 -15890 -17222 -18554 -18453 -17484 -16784 -16084
 [3971] -15473 -14325 -13227 -12782 -13022 -13760 -13105 -11236  -9545  -8934
 [3981]  -9257  -9138  -8449  -7490  -6775  -6515  -6192  -5536  -4112  -3092
 [3991]  -3128  -3439  -3507  -2333   -977    410   1320   2013   3484   4787
 [4001]   5322   6251   8520  11718  16078  16614  12750   8563   8839  16957
 [4011]  25653  28484  23440  15493  12355  16517  23668  27030  25777  22272
 [4021]  20585  20101  18448  16995  16701  19190  21601  20085  15639  10431
 [4031]   8311   9610  11005   9986   6580   3399   2495   2401    830  -2047
 [4041]  -4895  -6031  -5565  -5349  -6226  -8538 -11585 -13575 -14293 -14390
 [4051] -14138 -14224 -14447 -15586 -17601 -18989 -19480 -18753 -17290 -16325
 [4061] -16318 -17494 -18829 -18495 -17168 -16029 -15370 -14927 -14110 -13444
 [4071] -13414 -13451 -13195 -12392 -10848  -9426  -8977  -9155  -9326  -8585
 [4081]  -7498  -7159  -6593  -5608  -4644  -3922  -4040  -4054  -3817  -3107
 [4091]  -1664   -514    425    891   1528   2860   4073   5579   6969   9413
 [4101]  12240  14763  14635  11390   9177  10634  18135  25458  27106  21839
 [4111]  14674  12765  17120  23977  26939  25469  22132  20065  19466  17979
 [4121]  16860  17238  19479  21486  19841  15313  10371   8267   9377  10789
 [4131]   9864   6985   4202   2794   2018    116  -2604  -4848  -5554  -4852
 [4141]  -4710  -6199  -8917 -11860 -13576 -14351 -14415 -13746 -13144 -13247
 [4151] -15291 -18386 -20325 -19873 -17613 -15637 -15086 -16678 -18390 -19231
 [4161] -18499 -16763 -15948 -14752 -13945 -13635 -13812 -14447 -13888 -12651
 [4171] -11217  -9765  -9220  -9516  -9662  -8989  -7896  -7096  -7054  -6452
 [4181]  -5105  -4226  -3616  -3794  -3902  -3559  -2953  -1168    212   1111
 [4191]   1715   2383   3619   4385   5594   7720  10918  14112  15421  13387
 [4201]   9746   8896  13257  21678  26856  24913  18452  13097  14471  20127
 [4211]  25317  26315  23597  20844  19381  19033  17919  17048  17791  19876
 [4221]  20560  17641  13201   9689   9100  10108  10155   8344   5280   3362
 [4231]   2841   1998   -400  -3738  -5721  -5476  -4455  -4869  -7215 -10189
 [4241] -12457 -13474 -13798 -13523 -13463 -13764 -14395 -16185 -18014 -19167
 [4251] -18516 -16676 -15599 -15920 -17144 -17958 -17924 -17025 -15941 -15146
 [4261] -14493 -14028 -13350 -13341 -13551 -13102 -11901 -10236  -9417  -9340
 [4271]  -9640  -9386  -8514  -7312  -6534  -6351  -5825  -5165  -4106  -3769
 [4281]  -3824  -3525  -2866  -1509   -593    160    611   1512   2926   4441
 [4291]   5516   6604   8577  10948  14215  15000  12107   9543  10082  16272
 [4301]  23773  25994  22249  15529  12833  16794  22865  26135  24812  21270
 [4311]  19408  19510  18946  17692  17050  18195  20204  19358  15824  11733
 [4321]   9160   9606  10473   9704   7289   4428   3134   2649   1043  -1711
 [4331]  -4213  -5483  -4899  -4648  -5756  -7917 -10894 -12366 -13134 -14252
 [4341] -14427 -14017 -12826 -13088 -16327 -19298 -20519 -18894 -15746 -14254
 [4351] -15143 -17149 -18820 -18365 -16914 -16107 -14889 -13642 -12456 -12533
 [4361] -14115 -14591 -13320 -11436  -9380  -8285  -8746  -9656  -9973  -8433
 [4371]  -6744  -6605  -6301  -5624  -4419  -3380  -3743  -4019  -3699  -3047
 [4381]  -1350    323   1161   1314   1676   3308   5037   5561   6981   9613
 [4391]  12808  15294  13936  10779   8933  11697  19207  25467  25339  19571
 [4401]  13555  13265  18905  24178  25725  23601  20395  19045  18572  17921
 [4411]  17205  17051  18649  19806  17839  13739   9925   8682   9617   9888
 [4421]   8279   5957   3733   2479   1505   -497  -2841  -5140  -5673  -4720
 [4431]  -4975  -6716  -9515 -11888 -12768 -13624 -14074 -13910 -13507 -13416
 [4441] -14943 -17119 -19073 -19543 -18081 -15462 -14321 -15525 -17511 -18582
 [4451] -17790 -16668 -15302 -13957 -13075 -12948 -13334 -13480 -13280 -12585
 [4461] -11064  -9107  -8295  -8772  -9222  -8970  -7981  -6933  -6314  -5583
 [4471]  -4967  -4248  -3705  -3572  -3631  -3394  -2413   -750    883   1338
 [4481]   2074   2559   3998   5396   6734   8855  10934  14200  14353  12089
 [4491]   9517  10529  16806  23035  25210  20945  15020  13353  17140  22865
 [4501]  25016  23504  20575  19217  19192  18108  16957  16588  18394  19595
 [4511]  18160  14472  10396   8817   9552  10239   8907   6171   3754   2815
 [4521]   1786     21  -2367  -4587  -5225  -4874  -4954  -6493  -9273 -11627
 [4531] -12406 -12902 -13519 -14002 -14045 -13751 -14694 -16563 -18414 -19101
 [4541] -18001 -16014 -14874 -15599 -17168 -18210 -17469 -16256 -15621 -14778
 [4551] -13856 -12770 -12585 -13332 -13498 -12965 -11559  -9584  -8385  -8568
 [4561]  -9419  -9549  -8368  -7100  -6461  -5993  -5492  -4769  -4222  -3966
 [4571]  -3881  -3548  -2780  -1392     59    769   1001   1582   3057   4817
 [4581]   6075   7410   9576  11883  13941  13248  10525   9640  12836  19369
 [4591]  24231  23180  17859  13669  14382  19858  23998  24358  21918  19353
 [4601]  18733  18896  18149  16768  16936  18389  19255  16971  12854   9716
 [4611]   8868   9885  10102   8005   5191   3253   2422   1639   -605  -3206
 [4621]  -4975  -5070  -4420  -5242  -7456 -10356 -11803 -12297 -12511 -13310
 [4631] -14325 -14116 -14221 -15121 -16826 -18515 -18747 -17418 -15744 -15114
 [4641] -16292 -17671 -17855 -16930 -15804 -15231 -14942 -13901 -12972 -12701
 [4651] -13174 -13368 -12578 -11299  -9425  -8504  -8824  -9739  -9480  -8209
 [4661]  -7083  -6142  -5894  -5357  -4680  -4325  -3958  -3939  -3385  -2221
 [4671]   -940    593    945   1480   2403   3718   5353   6599   8772  10745
 [4681]  13460  13904  11792   9853  10600  16578  22294  24276  21002  15279
 [4691]  13552  16807  22308  25022  23470  20577  18670  18740  18501  17502
 [4701]  16861  17739  19226  18076  14859  10845   8837   9517  10217   9420
 [4711]   6435   3680   2631   2194    793  -1958  -4321  -5332  -4786  -4665
 [4721]  -5993  -8456 -11209 -12267 -12724 -13191 -13677 -13561 -13045 -13995
 [4731] -16573 -18834 -18954 -17273 -15069 -14414 -15610 -17479 -18538 -17498
 [4741] -15540 -14531 -14511 -14348 -13131 -12526 -13007 -13610 -12893 -11237
 [4751]  -9684  -8595  -8631  -9438  -9939  -8876  -7296  -6288  -6188  -5747
 [4761]  -4547  -3948  -4216  -4437  -4187  -2762  -1078    399   1412    952
 [4771]   1042   2565   4967   6691   7917   9119  12036  14009  12758  10850
 [4781]   9625  13312  19568  23670  23332  17788  13343  14717  19811  24188
 [4791]  24042  21461  19459  18965  18723  17765  16637  16601  18388  18962
 [4801]  17122  12847   9184   8700   9691   9952   7753   4975   3441   2472
 [4811]   1345   -763  -3257  -5159  -5293  -4361  -4698  -7211 -10472 -12060
 [4821] -12007 -12379 -13379 -13995 -13629 -13010 -14520 -17116 -18894 -18868
 [4831] -16431 -14139 -14140 -15984 -18278 -18097 -16123 -14736 -14251 -14446
 [4841] -13864 -12440 -12151 -12439 -12840 -12638 -10873  -9016  -7694  -8143
 [4851]  -9684  -9683  -7793  -6422  -5875  -5700  -5598  -4407  -3716  -3512
 [4861]  -3465  -3844  -2491   -370   1209   1806   1619   2042   3976   5732
 [4871]   6951   8829  11016  13491  13411  11213   9565  11478  16858  22805
 [4881]  23875  19476  14287  12936  17718  23078  24803  22613  19359  17887
 [4891]  18234  18208  17508  16959  17430  18497  17486  13879  10400   8637
 [4901]   9539  10286   8787   6165   3482   2444   1770    516  -1828  -4210
 [4911]  -5349  -4846  -4278  -5963  -8768 -11374 -12095 -11894 -12695 -13292
 [4921] -13563 -13408 -14037 -15688 -17518 -18326 -17480 -15515 -13940 -14746
 [4931] -16819 -17983 -17199 -15363 -14519 -14273 -13650 -12842 -12230 -12736
 [4941] -13160 -12940 -11414  -9407  -7896  -8068  -9344  -9743  -8957  -7113
 [4951]  -5923  -5379  -5192  -4840  -4053  -3587  -3731  -3671  -2548   -529
 [4961]   1311   1970   1867   2108   3626   5485   7668   9407  11631  13038
 [4971]  12121  10420   9601  13083  18272  22542  22144  17762  14045  13860
 [4981]  18415  22682  23722  21755  19047  17946  17367  16812  16589  17038
 [4991]  18061  17868  16015  12501   9589   8552   9192   9589   7813   5578
 [5001]   3504   2410   1049   -915  -2756  -4220  -4563  -4564  -4856  -6725
 [5011]  -9306 -11335 -12022 -11747 -12559 -13172 -13315 -13064 -13658 -15931
 [5021] -17632 -18067 -16543 -14485 -13573 -14373 -16533 -17547 -16688 -14748
 [5031] -13474 -13453 -13347 -12447 -11796 -12020 -12520 -12365 -10934  -9195
 [5041]  -7968  -7986  -9022  -9294  -8306  -7012  -6020  -5796  -5547  -4705
 [5051]  -3833  -3282  -3774  -4028  -3059  -1193    754   1640   1517   1619
 [5061]   2706   4467   6421   8159  10266  12483  12398  10527   8838  10563
 [5071]  15851  20652  22115  19027  14560  13079  16059  20559  22873  21527
 [5081]  19477  18298  17551  16946  15940  15971  17194  17984  16989  13967
 [5091]  10544   8855   8985   9601   8812   6282   4215   3301   2268    478
 [5101]  -1869  -3561  -4302  -4300  -4161  -5402  -7807 -10191 -11157 -11624
 [5111] -12593 -13060 -12501 -11511 -12519 -15467 -17728 -18207 -16581 -14416
 [5121] -13181 -13740 -16191 -17562 -16973 -15169 -13779 -13268 -12821 -12411
 [5131] -12268 -12803 -12644 -11834 -10563  -9305  -8733  -8316  -8940  -9081
 [5141]  -7960  -6851  -6318  -6126  -5429  -4607  -4000  -3578  -3216  -3424
 [5151]  -3110  -1611     53   1358   1613   1980   2692   3684   5299   7151
 [5161]   9265  11573  12377  10978   9458   9608  13146  18171  20808  19878
 [5171]  16114  13415  14695  18046  21010  21491  19900  18338  17296  16764
 [5181]  16177  15699  15854  16861  17037  15030  11961   9363   8802   9156
 [5191]   8644   7421   5472   3837   2765   1179   -499  -2548  -3840  -3988
 [5201]  -3698  -4158  -6373  -8855 -10578 -10976 -11073 -11259 -11321 -11814
 [5211] -12683 -13879 -15202 -16392 -16010 -14256 -12893 -13029 -15211 -16461
 [5221] -16217 -14795 -12967 -13332 -13857 -13446 -12309 -11037 -11598 -12607
 [5231] -12391 -11187  -8928  -7803  -8475  -9331  -9765  -8725  -7203  -6608
 [5241]  -6300  -5683  -4629  -3923  -4442  -5145  -4484  -2947   -781    646
 [5251]    694    814    887   2534   4357   6370   8171   9745  12039  11170
 [5261]   9648   8737  10996  16827  20029  20575  17386  13718  13891  17028
 [5271]  20538  21471  20583  19035  18542  17446  16146  15596  15733  17765
 [5281]  18329  16260  12954   9740   8959   9861  10022   8631   6062   4170
 [5291]   3524   2262    117  -1790  -3012  -3411  -3091  -3927  -5754  -8260
 [5301] -10052 -10088 -10411 -10711 -11492 -12226 -13116 -14075 -14286 -14501
 [5311] -14747 -15203 -14993 -14474 -14417 -14302 -14732 -14841 -14373 -13272
 [5321] -12316 -12800 -12801 -12217 -10818 -10034 -10385 -10788 -10549  -9219
 [5331]  -8012  -7286  -7616  -8208  -7965  -6773  -5264  -5033  -5298  -4774
 [5341]  -3870  -3211  -3232  -3097  -2302  -1261   -197    837   1190   1479
 [5351]   2404   3832   6143   7317   8344  10372  10981  10308   9348  10165
 [5361]  13742  17092  18997  18376  14944  13075  14315  18010  20825  20481
 [5371]  18806  17058  16434  16075  15719  15605  16191  16714  15858  14110
 [5381]  11304   9166   8790   9351   9343   7175   5165   3806   2635   1209
 [5391]   -461  -1797  -2928  -3380  -3525  -4273  -6297  -8626  -9774 -10495
 [5401] -11125 -11145 -10870 -10709 -12351 -14599 -15820 -15631 -14748 -13670
 [5411] -12946 -13661 -14935 -15992 -15375 -13990 -13107 -12167 -11962 -12177
 [5421] -12307 -12330 -11114  -9883  -9582  -9642  -9347  -8650  -8191  -7598
 [5431]  -7045  -6827  -6998  -6494  -5101  -4184  -4069  -3806  -3538  -3356
 [5441]  -3066  -2235   -930   -178     87    310    695   1549   2392   3797
 [5451]   5436   6877   7813   8136  10140  11083  10776  10343  10695  13482
 [5461]  16397  17881  17610  15159  13159  14116  16640  19122  19766  18149
 [5471]  16703  15567  14724  14683  14555  15362  15774  15374  13533  10648
 [5481]   8305   7747   8668   8546   7437   5382   3396   1929    441   -496
 [5491]  -1614  -2591  -3101  -3495  -4449  -6653  -9193 -10462  -9709  -9251
 [5501]  -9960 -11197 -12646 -13426 -14091 -13989 -13745 -14407 -14496 -14171
 [5511] -13869 -14148 -14896 -14875 -13896 -12744 -12131 -12455 -12834 -12286
 [5521] -10987  -9838  -9757 -10162 -10320  -9359  -7770  -6821  -6781  -7144
 [5531]  -7092  -6528  -5556  -4501  -3753  -3564  -3283  -2860  -2818  -2660
 [5541]  -1909   -515    695    675    480    557   1277   2835   4019   5081
 [5551]   6036   6891   7597   9149  10724  11052  10563   9838  11477  13911
 [5561]  15967  17076  15849  14085  12659  14029  16420  18072  18127  15946
 [5571]  16800  13778  13281  14993  12253  15121  14690  11634  11958   8963
 [5581]   6495   8019   7370   7204   6536   3763   2281   1025    -19   -957
 [5591]  -1753  -2890  -3624  -3963  -5244  -7452  -8889  -9530  -9493  -9329
 [5601] -10312 -11480 -12179 -12731 -13029 -13314 -14005 -14047 -13742 -13273
 [5611] -12783 -13572 -14277 -13931 -13269 -11921 -11653 -12180 -11922 -11104
 [5621]  -9303  -9295 -10124 -10613 -10290  -7907  -6504  -6150  -6553  -7710
 [5631]  -7889  -6457  -5002  -3615  -3127  -3503  -3020  -3286  -3532  -2689
 [5641]  -1477    431   1222    945    349    255   1397   2888   4871   5976
 [5651]   6456   6697   7600   9402  10571  10844  10257  10496  12070  14240
 [5661]  16081  15888  14689  13268  13131  14689  16101  17120  16534  15573
 [5671]  14724  13399  12828  12369  13025  13796  13520  11857  10004   8448
 [5681]   6753   7027   6634   5858   4352   2182    717    -35   -612  -2012
 [5691]  -2802  -3180  -3776  -4671  -6353  -7780  -8291  -9147 -10277 -11497
 [5701] -11802 -10725 -10308 -11510 -13211 -14938 -14650 -13322 -11942 -11377
 [5711] -12716 -13667 -14275 -13602 -12281 -11432 -10699 -10562 -10338 -10001
 [5721]  -9994  -9986  -9179  -8111  -7260  -6850  -7165  -6967  -6585  -5889
 [5731]  -5088  -4639  -4094  -3958  -3520  -2838  -2244  -1980  -1955  -1302
 [5741]   -510     35    340    689   1477   2112   2284   2791   3331   4128
 [5751]   5309   6415   7154   7699   8144   9558  11095  10855  10870  10346
 [5761]  11593  13656  14663  14982  13519  12341  12311  13514  14664  15245
 [5771]  14399  13198  12510  11760  11336  10909  10867  11033  10668   9392
 [5781]   7593   5861   5043   5133   4913   3905   2404   1120   -228  -1309
 [5791]  -2104  -2968  -3732  -4703  -5003  -5757  -7038  -8156  -9030  -9082
 [5801]  -9351  -9896 -10570 -10896 -11065 -11240 -11632 -12019 -12030 -12027
 [5811] -11726 -10907 -10671 -10891 -11133 -11027 -10949 -10862  -9793  -8304
 [5821]  -7387  -8150  -9135  -9514  -8968  -7050  -5475  -4528  -4995  -6304
 [5831]  -6505  -5826  -4365  -3010  -2140  -1767  -1704  -2340  -2360  -1524
 [5841]   -403   1309   1959   2350   2278   1910   2932   3740   5025   6327
 [5851]   7064   8169   8520   9666  10598  10200  10170  10728  12347  14303
 [5861]  14523  14136  13496  12415  12860  13612  14428  14880  14183  13463
 [5871]  12812  11728  10646  10426  10802  11490  10498   8479   6761   5455
 [5881]   5090   4819   4331   3285   1659    404   -555  -1620  -2710  -3794
 [5891]  -4391  -4820  -5667  -6580  -7729  -8635  -9014  -9414  -9718 -10411
 [5901] -10906 -10884 -10949 -11170 -11682 -12226 -11936 -11393 -10881 -10441
 [5911] -10547 -10760 -10497 -10501  -9970  -9058  -8421  -7449  -8079  -8592
 [5921]  -8275  -7615  -6174  -5415  -5552  -5760  -5848  -5454  -4353  -3819
 [5931]  -3539  -3250  -3237  -2450  -2226  -1997  -1454   -842     69    352
 [5941]    504    574   1405   2205   3113   3692   3783   4452   5063   6092
 [5951]   7389   7945   8735   9563   9357   9921  10056  10730  12017  11916
 [5961]  12624  12153  11957  11897  11791  12222  11999  12078  11545  11403
 [5971]  10596   9904   9102   8461   8488   7714   7434   6290   5285   4184
 [5981]   3026   2510   1421   1087    123   -724  -1811  -3071  -3929  -4895
 [5991]  -5182  -5613  -6024  -6960  -7730  -8512  -9003  -9198  -9554  -9587
 [6001]  -9852 -10126 -10143 -10434 -10487 -10329 -10347  -9565  -9845  -9923
 [6011]  -9436  -9279  -7972  -8602  -9569  -9511  -9251  -7051  -6079  -6421
 [6021]  -6966  -8116  -7681  -6288  -5081  -4163  -4123  -4144  -3789  -3943
 [6031]  -3910  -3260  -1823    -60    793    402   -155    -46   1119   2927
 [6041]   4351   5328   5832   6270   7622   8569   8403   8912   8922  10766
 [6051]  12410  13229  13948  12463  12096  11896  12574  13665  14111  14658
 [6061]  14239  13201  11770  10729  10301  10912  11258  11162  10267   8163
 [6071]   6675   5182   4987   4758   4160   3649   2271   1041   -616  -1814
 [6081]  -2703  -3394  -3761  -4066  -4973  -6502  -7296  -8049  -8482  -9049
 [6091]  -9615  -9568  -9797 -10023 -10235 -10739 -11186 -11367 -11129 -10378
 [6101]  -9796  -9796  -9889  -9757  -9458  -9232  -8843  -7983  -7310  -6775
 [6111]  -6486  -6339  -6081  -5875  -5368  -4521  -3991  -3463  -3073  -3061
 [6121]  -2885  -2938  -2673  -2080  -1446   -880   -480   -730  -1246  -1405
 [6131]  -1235   -258    298   1325   1481    -45   -561   -320     24    104
 [6141]    771   1930   2390   1885   1608   1951   2225   2889   3163   3182
 [6151]   3242   3588   4076   4415   4936   5220   5518   5606   5752   5803
 [6161]   5736   5978   6317   6719   6560   6435   6376   6427   6646   6149
 [6171]   5846   5457   5068   5248   5168   4935   4476   3744   3257   2780
 [6181]   2227   1863   1371    943    557   -101   -893  -1357  -1385  -2412
 [6191]  -3425  -3370  -4267  -5555  -5748  -5364  -5554  -6274  -6887  -7715
 [6201]  -8283  -8229  -8145  -8781  -9289  -9356  -9291  -8850  -8331  -7952
 [6211]  -8016  -8245  -8350  -8101  -7691  -6812  -5569  -4682  -4041  -3882
 [6221]  -3772  -3097  -2070   -814    563   1399   2232   3096   3941   5186
 [6231]   6314   7753   8961  10007  10952  11491  12012  12704  14025  14750
 [6241]  15196  15324  15074  15448  15589  15563  15376  14779  14552  14371
 [6251]  13926  13257  12242  11109  10191   9370   8264   7272   6305   5422
 [6261]   4434   3097   1482    227  -1041  -1811  -2563  -3821  -4725  -6127
 [6271]  -7038  -7740  -8374  -8944  -9807 -10132 -10521 -10733 -11298 -12061
 [6281] -12507 -12369 -11413 -10785 -10827 -11618 -12122 -11628 -10370  -9197
 [6291]  -8821  -8711  -8657  -8092  -7415  -7066  -6572  -5940  -4899  -4224
 [6301]  -4169  -4476  -4549  -3846  -3058  -2407  -2487  -2442  -2295  -1994
 [6311]  -1642  -1865  -1691  -1503   -808   -131    -72   -171   -457   -148
 [6321]    729   1366   1680   2278   2601   3330   3817   4176   4997   5755
 [6331]   6989   7027   6225   5574   6329   8270   9927  10121   8775   7457
 [6341]   7095   8289   9691  10344   9903   9017   8217   7630   7298   6889
 [6351]   7509   8116   8219   7232   5311   4114   3437   4029   4443   3836
 [6361]   2685   1192    672    167   -238   -808  -1598  -1895  -2280  -2629
 [6371]  -3327  -4124  -4667  -4801  -5005  -5409  -5988  -6165  -5946  -5983
 [6381]  -6040  -6699  -7242  -7179  -6825  -5988  -5788  -6115  -6349  -6385
 [6391]  -5934  -5636  -5363  -4868  -4420  -4042  -4151  -4292  -4006  -3502
 [6401]  -2644  -2179  -1928  -2090  -2209  -1673  -1106   -532   -649   -525
 [6411]   -366    -51     65  -1013   -736    353   1676   1983    265   -852
 [6421]  -1143    -28   1084   1214    728     86    268    222    300    -14
 [6431]    -84    823   1923   2086   1026     37    178   1318   2150   2507
 [6441]   2182   2188   2566   3016   3152   2742   3153   3436   4381   4867
 [6451]   4559   4348   3897   4525   5044   5202   5109   4763   4858   5183
 [6461]   4817   4388   3883   3659   3924   3680   3363   2510   1766   1322
 [6471]   1232    785   -141   -957  -1523  -1622  -2381  -3055  -3901  -4483
 [6481]  -4836  -5317  -5700  -6386  -6777  -7053  -7163  -7471  -7962  -8270
 [6491]  -8194  -7664  -7348  -7382  -7453  -7287  -6859  -6233  -5593  -5147
 [6501]  -4611  -4047  -3252  -2424  -1829   -983   -208    861   1917   2838
 [6511]   3668   4422   5362   6410   7480   8124   9169  10108  11120  11878
 [6521]  11836  12361  12553  12794  13148  13224  13561  13417  13013  12397
 [6531]  11585  11023  10665  10272   9937   8879   7684   6442   5198   4597
 [6541]   3501   2881   2038    726   -256  -1677  -2653  -3500  -4393  -5061
 [6551]  -5998  -6745  -7316  -7868  -8454  -9018  -9586  -9859 -10003  -9950
 [6561]  -9726  -9798  -9722  -9952  -9870  -9704  -9323  -8593  -7968  -7139
 [6571]  -7085  -7043  -6900  -6423  -5665  -5052  -4411  -4091  -3814  -3762
 [6581]  -3587  -3447  -3186  -2882  -2666  -2490  -2265  -1818  -1652  -1774
 [6591]  -2157  -2202  -1865  -1103   -378   -223   -369   -645   -391     -5
 [6601]    694   1445   2092   2804   3210   3507   4007   4507   4768   4830
 [6611]   4608   5325   6374   7154   7547   6995   6526   6356   6676   7322
 [6621]   7665   7854   7630   7203   6309   5451   5073   5346   6023   5992
 [6631]   5413   4137   3072   2486   2173   2006   1497   1022    395   -131
 [6641]   -933  -1675  -2414  -2850  -2943  -3261  -3492  -4068  -4434  -4858
 [6651]  -5176  -5542  -6017  -6034  -6013  -5671  -5523  -5657  -5836  -6208
 [6661]  -6199  -5702  -5316  -4954  -4653  -4521  -4229  -4302  -4324  -4019
 [6671]  -3575  -2773  -2241  -2230  -2253  -2116  -1869  -1346  -1046   -812
 [6681]   -499   -277     62     79     28     92    475    809   1074   1039
 [6691]    710    902   1049   1252   1122    859    872    870   1139   1221
 [6701]    997    737    629    551    671    679    506    437    320    397
 [6711]    261     17    -88   -167   -105    -10    -58   -197   -287   -328
 [6721]   -263   -297   -247   -270   -216   -168    -82    -47   -106    -52
 [6731]    -45    104     85    274    279    320    339    194    525   -344
 [6741]   -572     53    610   1538    795     36   -619   -709    469   1039
 [6751]   1027    466    -64    -80   -108    -19    -58   -145    398    374
 [6761]    -98   -606   -989   -706   -483   -287   -730  -1206  -1221   -990
 [6771]   -937  -1272  -1345  -1712  -1769  -1393  -1285  -1466  -1720  -1664
 [6781]  -1585  -1797  -1811  -1736  -1613  -1207  -1130  -1275  -1953  -2583
 [6791]  -2359  -1541   -385    -39   -644  -1451  -1728  -1276   -339    372
 [6801]    623    628    588    720    809   1216   1881   2616   3196   3248
 [6811]   3111   3058   3685   4429   4950   5248   5089   5382   5674   6346
 [6821]   6669   6519   6672   6287   6551   6680   6715   6509   6144   6199
 [6831]   5934   5573   4980   4678   4350   4185   3771   3172   2405   1699
 [6841]   1264    649    421   -215   -754  -1493  -2028  -2456  -3126  -3540
 [6851]  -4045  -4278  -4792  -5034  -5375  -5692  -5928  -6084  -6206  -6520
 [6861]  -6481  -6546  -6302  -6117  -6012  -5917  -5846  -5482  -5285  -5024
 [6871]  -5054  -4983  -4596  -4111  -3536  -3257  -3190  -3234  -3069  -2528
 [6881]  -1813  -1320  -1096   -823   -649   -250    198    526   1020   1680
 [6891]   2350   2809   3074   3419   3971   4641   5675   6342   6852   7127
 [6901]   7133   7137   6824   7211   7574   8279   8765   8429   7890   7146
 [6911]   6898   6882   6944   6641   6179   5609   5008   4240   3563   3113
 [6921]   2607   2138   1442    916    170   -601  -1380  -2014  -2350  -3002
 [6931]  -3517  -4083  -4425  -4686  -5041  -5356  -5745  -6053  -6274  -6165
 [6941]  -6030  -6030  -5886  -5922  -5849  -5684  -5522  -5123  -4797  -4340
 [6951]  -3926  -3665  -3431  -3130  -2876  -2541  -2153  -1795  -1273   -962
 [6961]   -535   -295   -134     46    178    441    547    823   1007   1148
 [6971]   1256   1202   1186   1021    969    923    915    885    696    585
 [6981]    407    186     -9   -244   -463   -550   -632   -736   -924  -1204
 [6991]  -1467  -1635  -1688  -1773  -1928  -2001  -2064  -2026  -2078  -2079
 [7001]  -2017  -2160  -2009  -1914  -1722  -1562  -1474  -1241  -1230   -966
 [7011]   -795   -646   -396   -208    103    311    467    611    721    862
 [7021]   1155   1340   1461   1691   1749   1841   1905   1898   1945   2017
 [7031]   2071   2183   2047   1892   1867   1820   1782   1545   1431   1217
 [7041]   1171   1065    939    713    416    362     31    -82   -292   -459
 [7051]   -559   -772   -860  -1030  -1230  -1441  -1502  -1588  -1577  -1678
 [7061]  -1884  -1976  -1980  -1881  -1777  -1814  -1841  -1800  -1783  -1543
 [7071]  -1439  -1406  -1253  -1094  -1007   -933   -755   -637   -405   -186
 [7081]      5    170    219    442    632    779    906   1008   1184   1315
 [7091]   1484   1488   1528   1709   1814   1933   1977   1872   1882   1913
 [7101]   1982   2057   1977   1921   1837   1814   1746   1706   1653   1553
 [7111]   1519   1292   1191   1103    942    943    812    658    517    464
 [7121]    354    210     70    -66   -135   -305   -408   -603   -658   -606
 [7131]   -603   -788   -942  -1000  -1128  -1121  -1183  -1191  -1238  -1240
 [7141]  -1211  -1266  -1324  -1313  -1289  -1236  -1165  -1186  -1186  -1122
 [7151]  -1009   -934   -871   -855   -795   -763   -594   -502   -447   -393
 [7161]   -397   -274   -181    -68    -83     -9     40    180    245    238
 [7171]    285    276    366    406    500    507    526    551    566    557
 [7181]    490    500    522    530    529    464    432    373    366    397
 [7191]    351    342    301    253    179    159     83     58    120     60
 [7201]     -1    -70    -89    -73    -37    -13    -42   -140   -192   -158
 [7211]   -104    -90    -52    -94   -108    -78    -63    -38    -62    -57
 [7221]    -68    -22    -78    -51    -32     15     51    -37    -46    -43
 [7231]    -39    -46    -59    -45    -45    -63    -53   -140    -95   -125
 [7241]    -98    -69   -161   -171   -194   -190   -232   -160   -203   -184
 [7251]   -214   -189   -121   -304   -371   -244   -102   -218   -229   -223
 [7261]   -214   -183   -212   -117   -144   -214   -222   -141   -191   -254
 [7271]   -264   -219   -183   -216   -145   -150   -200   -244   -218   -183
 [7281]   -152   -137   -200   -245   -218   -187    -97    -66    -62    -90
 [7291]   -128    -52    -16     41      3      7     -2     14     87    128
 [7301]    228    200    168    230    178    214    258    236    279    263
 [7311]    296    325    337    238    223    278    276    306    265    162
 [7321]     69     97    122    186    156     85     52    -19    -24      7
 [7331]     13    -51   -114   -193   -200   -178   -144   -141   -152   -167
 [7341]   -172   -215   -254   -243   -290   -283   -285   -257   -226   -217
 [7351]   -216   -235   -203   -228   -222   -169   -205   -178   -160   -165
 [7361]    -91   -125   -132    -87    -49    -10    -25    -19     30     52
 [7371]     62     96     80    118    157    162    149    171    208    240
 [7381]    226    189    210    205    243    225    244    237    222    229
 [7391]    222    223    191    228    201    216    179    145    166    137
 [7401]    184    147    119    126     80     83    130    163    126     83
 [7411]     83     73     50     29     69     61     72     90     41     43
 [7421]     33     45     63     71     33     16     35     59     89    100
 [7431]     98     11      0     34     56     87     55     -2    -36     15
 [7441]     45     52     52     17      8     16     30     24    -39    -47
 [7451]      8      8     13     12     -8    -63    -24      7    -15      0
 [7461]    -39    -33    -25    -23      2      9    -13    -11    -19    -22
 [7471]     16    -20     10     37     17      8     -5      3     -9     -2
 [7481]     24     20    -11    -14    -16      0     -2     10     -4    -34
 [7491]     14      9    -16    -11      2     -2    -13    -36    -21     -8
 [7501]    -36    -18    -17    -27    -34    -31    -47    -38     -8    -33
 [7511]    -31    -41    -54    -32    -48    -60    -29    -35    -76    -93
 [7521]    -72    -80    -84    -73    -85    -82   -111   -124   -103   -108
 [7531]   -110   -114   -123   -127   -155   -166   -164   -159   -157   -185
 [7541]   -187   -164   -189   -195   -181   -189   -168   -161   -166   -180
 [7551]   -188   -195   -189   -175   -180   -182   -169   -166   -194   -190
 [7561]   -182   -178   -191   -200   -174   -182   -220   -218   -229   -245
 [7571]   -222   -229   -205   -200   -204   -207   -230   -224   -236   -210
 [7581]   -234   -250   -210   -212   -224   -245   -220   -216   -240   -258
 [7591]   -249   -239   -244   -227   -235   -252   -260   -238   -243   -232
 [7601]   -219   -238   -239   -254   -241   -210   -214   -233   -212   -224
 [7611]   -238   -243   -240   -245   -270   -245   -245   -225   -231   -249
 [7621]   -219   -215   -246   -245   -247   -269   -256   -267   -253   -216
 [7631]   -226   -252   -259   -257   -251   -251   -253   -256   -239   -225
 [7641]   -260   -257   -217   -243   -257   -203   -231   -213   -189   -199
 [7651]   -176   -190   -186   -204   -217   -212   -204   -194   -209   -209
 [7661]   -201   -225   -239   -232   -254   -252   -226   -246   -252   -252
 [7671]   -246   -249   -248   -238   -266   -247   -219   -235   -235   -246
 [7681]   -254   -248   -251   -240   -216   -220   -222   -225   -231   -221
 [7691]   -236   -249   -245   -217   -213   -208   -206   -207   -188   -201
 [7701]   -202   -197   -193   -183   -189   -195   -183   -191   -188   -178
 [7711]   -206   -188   -174   -176   -168   -154   -147   -154   -142   -145
 [7721]   -150   -157   -144   -143   -138   -138   -148   -123   -128   -121
 [7731]   -131   -126   -122   -143   -117   -120   -126   -110   -125   -129
 [7741]   -126   -121   -113   -111   -110   -110   -121   -110   -108   -129
 [7751]   -114    -84    -76    -83    -92    -88   -108   -122   -101    -93
 [7761]    -85    -90    -98    -89   -111   -105    -77    -57    -49    -83
 [7771]    -89    -81    -91    -69    -61    -90    -69    -61    -88    -94
 [7781]    -96    -80    -57    -81    -70    -51    -76    -85    -88    -90
 [7791]    -92    -72    -56    -34    -64    -98    -73    -41    -37    -76
 [7801]    -46    -37    -72    -55    -57   -101    -99    -80    -56    -22
 [7811]    -64    -91    -58    -49    -77    -75    -56    -42    -45    -67
 [7821]    -82    -67    -63   -104   -104   -103    -96    -63    -73   -101
 [7831]    -93    -60    -57    -60    -57    -61    -57    -54    -81    -64
 [7841]    -47    -65    -46    -55    -72    -78    -91    -97    -78    -68
 [7851]    -82    -60    -66    -83    -73    -70    -49    -49    -83    -66
 [7861]    -58    -64    -51    -50    -36    -41    -69    -69    -49    -46
 [7871]    -45    -56    -48    -65    -62    -40    -83    -79    -55    -58
 [7881]    -43    -60    -62    -28    -50    -44    -43    -81    -79    -80
 [7891]    -69    -58    -87    -75    -73    -84    -80    -82    -40    -54
 [7901]    -65    -46    -39    -10    -25    -26     -1     -2    -43    -62
 [7911]    -38    -25    -29    -19     -8     -4      2    -14    -23    -32
 [7921]     -1      9     -4      4     19     37     16     10    -16    -25
 [7931]    -38    -52    -17    -41    -33     -3     -7     -7     -4      8
 [7941]     -5     23     27     28     46     -4      9     -2    -20     28
 [7951]     -9    -43     -6    -11    -30    -39    -55    -51    -33    -53
 [7961]    -33     -5     -1     16     17     35      9     -2     -3    -10
 [7971]     19      1    -11      4      8     28     17     14      2    -48
 [7981]    -41      1     25     30      5     -8     11     15     24     17
 [7991]    -19     14     32    -13     18      2    -22     -1    -14     39
 [8001]     39     40     53     36     40      0      2      7     13     19
 [8011]      3    -24    -52    -51    -73    -59    -24    -15     28     51
 [8021]     10     -7    -30    -28    -24    -15     26      8      3      3
 [8031]    -27    -41    -28    -29      0     10      5     39    -32    -36
 [8041]    -37    -88    -52    -28     27     35     52     78     27     -6
 [8051]     11    -15    -64    -55    -28      8     19     29     37     19
 [8061]    -17    -43    -38    -20     -8      6     22     37     21    -22
 [8071]     -9    -19    -33     -2     23     38     12     22      2    -35
 [8081]     11     -7    -23    -14    -36    -59    -52     13     36     45
 [8091]     64     53     42     33     35     38     -1     11     19    -18
 [8101]    -30    -70    -80    -50    -38    -17     25     57     49     40
 [8111]     24     42     64     42     57     69     56     35     12     -5
 [8121]     -4      4      9     48     35     19     43     41     66     58
 [8131]     33     35      7     26     40      9     44     96     95     95
 [8141]     75     56     26    -19    -13     12     57     66     44     71
 [8151]     83     67     44     31     48     65     85    100     89     62
 [8161]     67     86    103     82     49     74     26     10     78     51
 [8171]     43     54     43     34     21     52     53     89    118     91
 [8181]     80     74     52     29     60     50     27     67    122    124
 [8191]     82     89     60     14     46     41     47     84     83     62
 [8201]     54     77     41     54    103     80    100     83     57     70
 [8211]     41     43     39     17     29     45     29     39     77     46
 [8221]     43     22     -9     14    -51    -48     11     -3     26     60
 [8231]     58     25    -29    -44    -68    -86    -65    -23     -9      8
 [8241]     14    -63    -93   -117   -140    -97    -86    -79    -65    -37
 [8251]    -27    -47    -67    -98   -100   -116    -95    -68    -78    -69
 [8261]   -102    -93    -65    -77    -67    -95    -89    -78   -112    -91
 [8271]    -90   -121   -108    -67    -57    -47    -25    -41    -31     -3
 [8281]    -33    -38    -26    -96    -55    -32   -117    -63    -36    -39
 [8291]      3    -35    -60    -30    -39    -54    -36    -18      1     25
 [8301]    -16    -71    -47    -45    -58    -61    -50    -26    -48    -75
 [8311]    -89    -91    -85    -68    -73    -55      1    -23    -46    -45
 [8321]    -91    -92    -69    -52    -35    -17      7    -26    -64    -55
 [8331]    -64    -76    -84    -80    -65    -91    -77    -90    -80    -54
 [8341]    -66    -19    -37    -50    -44    -53    -61    -23     -2    -85
 [8351]    -87    -89   -110   -113   -141   -132   -110    -83   -105   -119
 [8361]    -72    -62    -83    -96    -76    -70    -68    -78   -101    -86
 [8371]    -85    -59    -51    -98   -102    -89   -102   -106   -121    -83
 [8381]    -18    -32    -66    -86    -97    -79    -95   -101    -54    -28
 [8391]    -38    -66    -54    -53    -45    -46    -57    -27    -18    -37
 [8401]    -40    -32    -74    -72    -22    -45    -54     -7    -13      5
 [8411]     35      2    -24     -1      7    -10      2    -14     -4     30
 [8421]    -18     -9     34     11    -21    -28    -18    -38    -37    -47
 [8431]      9     29    -71    -16     -2    -55    -29     31     41    -15
 [8441]      3    -50    -74    -33    -71    -46      5     13      0    -33
 [8451]    -34    -42    -80   -110    -59    -30    -28     23    -14     -7
 [8461]     20    -11    -23    -46    -57    -24    -24    -18     -7    -13
 [8471]     11    -53    -76    -65    -80    -59    -66    -16      1    -23
 [8481]     12    -32   -102    -71    -59    -85    -43     -3     10     19
 [8491]    -17    -37    -40    -57    -78    -74    -39    -15    -27    -11
 [8501]    -17    -26    -12    -17     16     22     18     34     22     26
 [8511]     43     -3    -21     -4      5     18     67    100     45     60
 [8521]     45     12     29      7     34     64     64     98     92     63
 [8531]     48      8      3     40     19     43    111     84     88    102
 [8541]     67     35     16     44     29     97     99    140     66     88
 [8551]     91    -50    210   -188    412   -457    106   1237  -1197    443
 [8561]    405   -602    608   -340    108    381   -175    170    144     33
 [8571]    121     37     50    104     21     44    107     73     76     74
 [8581]     88     88     68    108     47     63    103     16     82     13
 [8591]    -58    104     14     41    137      7    127     75     60     23
 [8601]    -41     71    -32    119    133     74    146     50     37     21
 [8611]     -7     37     59     68    134    134     92    144    103     42
 [8621]     85     70     42     93    106     86    132    136    104    116
 [8631]    124     98    109    115    103    132     60     80    136     87
 [8641]    111     99     75    101    126     78    118    130     52    126
 [8651]     97     59    124     78     89    115     83    101     91     95
 [8661]    102     60     79    117     90     77     93     92     68     70
 [8671]    110    112     98     72     59     85    106     92     73     98
 [8681]     68     51     75    107    111     58     55     67     57     47
 [8691]     66     41     27     90     96     65     62     73     61     71
 [8701]     85     52    105    138     72     94     92     48     67     61
 [8711]     63     63     79     75     58    117    118    100     80     78
 [8721]     79     52     76     99     71     59     88     74     48     67
 [8731]    100    123    109     74     71     66     85    108     95    115
 [8741]    128    111     99     99     59     36     80     94     84    107
 [8751]    106    124    122     82     65     56     95    114    126    104
 [8761]     66    103     67     26     74     79     55    105     95     71
 [8771]     93     66     47     57     63     70    110    122     70     60
 [8781]     81     86     95    114     94    103    126     73     55     92
 [8791]     71     65     97     41     67     73     34     93     56     49
 [8801]     60     37     56     35     38     54     65     96     30     22
 [8811]     78     33     17      7     29     39     26     35    -16    -23
 [8821]      8     35     33     29     51      2     -5      7    -24    -10
 [8831]     31     55      0      9     56     11     -7      0    -28    -30
 [8841]     13     -5    -47    -32    -25    -64    -82    -44    -55    -67
 [8851]    -29    -52    -74    -51    -46    -80    -67    -37    -74    -81
 [8861]    -41    -38    -91   -105    -80    -90    -90   -130   -129    -87
 [8871]   -118   -104   -100   -123    -94   -116   -136    -92    -78    -86
 [8881]   -105   -107    -67    -89    -93    -81   -132    -91    -50   -101
 [8891]    -76    -49    -96    -77    -50    -73    -90    -99    -88    -79
 [8901]    -57    -85   -110    -86   -102    -82    -52    -99   -111    -80
 [8911]    -93   -107    -95    -81    -46    -25    -65    -81    -59    -59
 [8921]    -74   -109    -93    -58    -52    -30    -56    -83    -79    -80
 [8931]    -82    -75    -47    -50    -80    -83    -85    -86    -74    -53
 [8941]    -48    -84    -77    -27    -29    -44    -54    -53    -24    -38
 [8951]    -56    -47    -48    -48    -50    -44     -9     -8    -27    -22
 [8961]    -46    -38    -16    -48    -46    -42    -39    -39    -49    -32
 [8971]    -47    -46    -27    -69    -58    -32    -71    -63    -39    -42
 [8981]    -55    -72    -48    -57    -71    -34    -51    -79    -24    -46
 [8991]   -116    -62    -46    -59    -15    -30    -56    -28    -37    -44
 [9001]    -12    -20    -52    -61    -18     -3    -25    -39    -56    -47
 [9011]    -60    -60    -47    -35     11    -20    -53    -44     -4      6
 [9021]    -51    -17    -20     -1     32    -28    -32    -15    -18      6
 [9031]     37    -24    -33     57     23    -17      4    -35    -49    -34
 [9041]    -31    -28     26     37    -43    -18     -2    -46     -6     -1
 [9051]      5     20     13     29     -7     14     22     -6     18     -2
 [9061]     29     41     32     56      3      6     61     87     18     14
 [9071]     83     38     34     65     54     56     65     54     22     10
 [9081]     54     69     42     46      2     -5     34     -4     12     46
 [9091]     31     56     35     24     48     55     40      7     33     22
 [9101]     35     40     18     32     24     44     60     71     56     25
 [9111]     20     23     79     83     22     50     90     86     73     48
 [9121]     25     14     27     46      1     25     99     77     39     46
 [9131]     63     34     30     56     77    116    106     77     75     64
 [9141]     93     94     59     50     73     82     64     67     20     25
 [9151]     71     73     82     87     68     32     24     23     56    100
 [9161]     44     24     72     67    106     93     39     87     65     64
 [9171]     71      9     73     92     26     41     65     48     46     50
 [9181]     21     11     29     27     11     32     36     42     23    -19
 [9191]     40     40      0    -20    -35     15     40     17    -22     16
 [9201]     55     23      0     12     35     27     37     42     40     66
 [9211]     58     25     46     49     33     31     54     98     45     20
 [9221]     74     15    -17     33     65     50     13     15     23     25
 [9231]     34     49     36     38     46     75     71      0     17     25
 [9241]    -18     15     40      4     19     28     21     45     20     21
 [9251]     13     -5     45     61     61     53      6    -27    -63    -46
 [9261]   -126     -2   -203   -108   -171   -266    -17   -551     50  -4755
 [9271]  -4515    997  -2103  -2248  -1172    547   1016  -1174    280     62
 [9281]   -286    259   -132    174   -431     53    917   -604    338    233
 [9291]    342     77   1267   1566  -6328  -2687    380  -2622  -1480  -2646
 [9301]    -99   -968  -1530    -87  -1063    961   -258   -608    728   -862
 [9311]    104    -61    255   -162   -972    659    755    595  -1102   1317
 [9321]    916   -428    824   -236    857   -515   1305    296    639   1327
 [9331]  -1914   3451   -502  -4813    468  -1553   -996    -96  -2702    250
 [9341]     52  -2270   -609   -254   -465   -913    635    270  -1096   1674
 [9351]   -567    294    705   -292    793   -126   2198    -87    130   2641
 [9361]   -214   1172   1303   -202   1475   1060    505   2218    861   1224
 [9371]   2607    492   2238    878   -659   1283   -112   -476   -939    -80
 [9381]   1742  -1794    215   1218  -1715   1878    381    296   1358   -686
 [9391]   2510    470  -1163   5128   -995  -3271   4976   1132   -488   -556
 [9401]   1163   6169  -3076  -1612   6479  -2606    862  -2533  -1912   2465
 [9411]  -5016   1979  -3308    588    557  -4685   2441   -725  -1170   -845
 [9421]   2652    -55   -432   2000   1325  -1103  -1311   3964   -247  -1698
 [9431]    569   3553    966  -2072   1931   2540    133  -1993   2933   2139
 [9441]  -2367   2233   1807    685   1024  -1828   1358   2933  -2296   -267
 [9451]   2212   1573     92  -2838   4134   3042  -5479    929   4133   -189
 [9461]  -1978   -634   2211   1357   -505  -1885   1414   2632  -2873   -192
 [9471]   2794   -603  -1433   1292   2820  -2943   1220   1041  -1902   2601
 [9481]    950  -2070    654   4504  -1987   -645   2396   1475   -454   -250
 [9491]   2265    884   -392   -866   3767    948  -1557    896   2370   1760
 [9501]  -2323   1391    428   2390    327  -3342   5965  -2246  -2080   3042
 [9511]   1166  -1165  -1695   5448  -4500   1325   2906  -3127   1224  -1713
 [9521]   5034  -3890   -112   4668  -4777   4664  -4271   2783   2867  -5461
 [9531]   5225  -4576   5019    355  -5021   4456   -313  -2604   1359   3857
 [9541]  -6092   2362   1120  -1956   2199  -2720   2029   -220   -904    954
 [9551]   -559   -194    -31   1823   -683   -867   -748   -257   1767   -973
 [9561]   -910   -540   1692  -3119   -417   2640  -3506    670    191  -1454
 [9571]  -1592   1659  -1246   -951   1657  -4031   3205  -1937  -2036   1655
 [9581]  -2150   1784  -3523    -25    746  -1996    523  -2326   -796    843
 [9591]   -757  -3039   1096    566  -2986   2174  -1952  -2010   1190  -1237
 [9601]    983  -2955   1384     97  -2249   1646  -2405   1442  -1037  -1059
 [9611]   1201   -763  -1974    -77   3636  -4622    516   2778  -3333    840
 [9621]  -1420   1716   -176  -4163   3922  -1799  -2567   3788  -2447  -1480
 [9631]    335    630  -1098   -255   -472   -537   3465  -3711   -577   1428
 [9641]     42   -429  -3055   2306   1585  -3032  -1410   3445   -349  -3001
 [9651]   1742   -827   -846   1327   -849    120  -1361    877   -211  -2397
 [9661]    750    630   -712   -792   1060  -2791    805   2557  -3476  -1935
 [9671]   1620  -1054  -2359   1778  -2268  -1287   1943    -33  -2027  -2343
 [9681]   1329   -463   -150    540  -1493   -785   1522  -1333   -798   2983
 [9691]  -3597  -1366   3372  -1099  -1182   1227  -2203   1235   1891  -3817
 [9701]    369    330    848  -1379  -1788   3581  -2533  -2246   3080  -1079
 [9711]  -1823   -344    828   1424  -3852   -449   3301  -2613   -619   2513
 [9721]  -1850  -2999   2849   3435  -5098    337   2412   -383   -125  -2391
 [9731]   1287  -1460   2119   -204  -2883   1546    215  -2905   1626   3302
 [9741]  -4781    748  -2283   3490   1710  -6301   4687  -1846    372   1419
 [9751]  -3005   1107   -548    884   -847    216   1251  -3470   1210   3013
 [9761]  -2578    310    702  -1622    627    659    273  -1675   -236   1181
 [9771]    112  -2775    582   2078  -2440   1303  -1601   -991   2068    498
 [9781]  -2039   -609   2671  -2653    359   1372    413  -2742   1060   5484
 [9791]  -5328   1136   2713   -555     91   -435   2175  -3270   3016    426
 [9801]  -2199   3273  -3208   1474   -500   1054   1409  -3053   3136  -2000
 [9811]    992   1413  -1599    107    755   1331  -1093    150   -863   1763
 [9821]    453   -173  -1420    378   3098  -3266   1728   1070   -961   2486
 [9831]  -2504  -1170   4340  -1022   -507   2729  -2552    830    467    404
 [9841]   1092  -2654   2754   1729  -2639   -708   2282   -294  -1046    893
 [9851]   -294    -65  -1545   2441    484  -2151   1134  -1047    856   -562
 [9861]   -788   1713  -2022   -427   1107    328  -2573  -1009   4266   -970
 [9871]  -2315    917    207   -260   -125   -526   2039   -549  -2650   1945
 [9881]   1406  -2262  -1617   3697     81  -3818   1788    895  -3680   1684
 [9891]   2140  -3567   -264   1867  -1104  -1936   2703   -937  -3530   3674
 [9901]   -115  -2278   -726   2179    267  -1323    533  -1384    514  -1437
 [9911]   2730  -1422  -2304   3198  -1656   -875   -280   1798    -10  -1800
 [9921]   -511   1459   -423   -815   2293  -1645   2441   1068  -2681    435
 [9931]   1090    424  -1173   1187   1398  -1317   -932   2744  -1927  -1450
 [9941]   3404  -1529  -1081    514    216   -598    681   -548    197   1635
 [9951]  -3591    111   1609    -55   -722  -2986   1047   2930  -1486  -2774
 [9961]   1405   1696  -1087  -1351    292   1032    718   -450  -1597   1034
 [9971]   -380   -108    229  -1722   2043   1016  -1691  -1272   -811    -24
 [9981]   1586  -1556  -1508   2427    -40  -1734    885   1114  -1670    760
 [9991]  -1001    421   1663  -3041    855    425  -1085   1398  -1579  -1977
[10001]     96   1108    428  -2156     56    760   -664   -782  -1105    993
[10011]    707  -2996    375   1829  -2040   -516    449     40    193  -1041
[10021]    233   1292  -1813    -92   1482  -2007    380   1518  -2901   -110
[10031]   2338  -1674  -2238   1037   1060  -1338   -938    391    184  -3283
[10041]   -112   1192  -1764    704  -1692    -78    943  -1098  -1258   -280
[10051]   1260  -2830   -198   2000  -1232  -1599    326   1011  -1865  -1690
[10061]    652   1689  -2167  -1440   2611   -167   -713    -70   -523     39
[10071]   -636  -1011    -13    171   -840   -750    832    -32  -1379   -981
[10081]    911   1190  -1716   -614    882   -263  -1348    255    626   -845
[10091]   -426  -1187    605   -133   -628    -88  -1250    288    437   -201
[10101]  -1867    112   1605   -879   -596   -735   -814    117    391    229
[10111]   -736  -1081   -580     11  -1031  -1194    996  -1132     -2   1557
[10121]  -1142    246   -922   -728   1810    674  -1496  -1326   1430   1178
[10131]   -485  -1548   -513   1259    192   -569   -508    520    497   -548
[10141]    242   -837  -1152    386    969   -508  -1034     32  -1316    468
[10151]    194  -1446   -797   -553    900   -122   -815   -127    536   -201
[10161]   -120     49   -956    529    516    520   -668  -1141    862  -1008
[10171]   -318    518   -978     98    111    609  -1102  -1965   1256    685
[10181]  -1368   -783    -53      0     38   -583   -413   -235   -991   -178
[10191]    378  -1059   -632    258    -47    446   -587   -933    204   -367
[10201]   -112    604   -866    151    777  -1034    402   -651   -347    755
[10211]   -935    627    573    423   -562   -685   1569   -290   -481    604
[10221]   -501   -840    317    688    101   -196   -311    488    -23    206
[10231]   -143   -416    611     97   -297  -1117    196    613    277    537
[10241]   -326    385   -553    258   1137   -667   -139    123    386    692
[10251]   -483   -565    540    802     55  -1016   -425    785   -314    126
[10261]    950   -164   -108    207    593   -231   -640   1112    485   -101
[10271]    963    550   -809   -102   1759    763   -799   -820    408    534
[10281]   -618    112    717    251   -428   -628    220   -208   -546     60
[10291]   -164    244    735    541    287    411    126   -148     62    208
[10301]   -361   -233    943    396     82     33    -54   -534   -179    731
[10311]      8    346   -137    -56     84      9    978   -839  -1312    122
[10321]   -382  -1243    528    947   -942     33    495    110     31   -177
[10331]    411    -26   -965    -77    569   -339    402    168   -197    546
[10341]     16    214    369    252   -118    -56     80    -39     26   -513
[10351]   -122    540    -56   -151    -36      8    811    294     18    408
[10361]    428    595     24   -452     80    370    471    319    -97    -81
[10371]   -619    539    968   -562     74    362    177    512     35   -163
[10381]    226    -40   -187    261    112    -86   -212    -94    199   -450
[10391]   -647    333   -219   -525    462    -70   -738   -112     18   -379
[10401]    145   -178   -686    -68     46    -84    113   -496   -381    780
[10411]     80   -205   -448   -697    876    356  -1217   -351    509   -251
[10421]    146    547    -84    -97    -94      6   -102     37     61      8
[10431]     63    -78     55   -200   -274    -19    315   -390   -641    -93
[10441]   -567   -396    -63   -122   -231   -408    -94    271     -6     58
[10451]    272    237    338     20    -27   -146   -185    161    -40    185
[10461]    680    466    269    320    304   -134   -297   -176   -186   -412
[10471]   -379    199    116   -186   -195   -274   -411    -38    -99    -68
[10481]   -249   -176    821    270    -76    -58    132    679    145   -140
[10491]    139     39    397    979    716    260    375    483    590    535
[10501]   -317    121   1058    648    523    345    174    279   -110   -133
[10511]    -46   -252     41    532    216    -76    287    262     97   -152
[10521]   -317    190    271    258    492     24     48    444    -22     46
[10531]    242   -222    -69    171   -205   -152    364    279      6    160
[10541]    156   -128   -326     37    478     56   -237    353    227   -589
[10551]    -50    -87   -429    189   -328   -221    396    389    207   -139
[10561]     34    149    -23   -123     66    158     61    473    244   -222
[10571]     14   -404   -339     71    -48    393    433    -23    200    105
[10581]   -332   -512   -431   -492   -845    -42    110   -564   -414   -458
[10591]   -569   -725   -549   -344   -578   -320    -19   -344   -501   -100
[10601]   -203   -400   -161   -419   -460     34     45    178    180   -330
[10611]   -268   -180   -329   -267   -164   -182    145    185   -314   -166
[10621]     38      7     28    -31   -112      1    -89   -194     61     34
[10631]   -164   -130     -8   -104   -127    -43    -33     35     44    -52
[10641]    -95    -43    -50    -19    -12    -53      3

$right
numeric(0)

$samp.rate
[1] 22050

$bit
[1] 16

$pcm
[1] TRUE

$class
[1] "Wave"
attr(,"package")
[1] "tuneR"

